000017
000023
000026
000034
000044
000047
000064
000066
000078
000091
000104
000112
000122
000134
000140
000147
000154
000162
000163
000171
000173
000174
000192
000193
000198
000200
000209
000220
000222
000225
000228
000235
000259
000262
000263
000276
000278
000288
000294
000306
000317
000320
000331
000334
000337
000344
000355
000359
000367
000370
000372
000379
000391
000395
000400
000406
000430
000438
000446
000450
000454
000468
000469
000470
000477
000484
000489
000496
000503
000508
000518
000519
000522
000525
000526
000535
000537
000544
000550
000555
000577
000590
000592
000605
000620
000625
000632
000657
000671
000680
000688
000689
000695
000700
000709
000729
000740
000761
000764
000767
000770
000774
000805
000812
000823
000828
000845
000859
000860
000867
000871
000889
000908
000912
000915
000943
000950
000951
000954
000958
000962
000965
000966
000967
000977
000991
000997
001002
001008
001010
001011
001014
001015
001043
001064
001077
001079
001082
001101
001112
001113
001129
001130
001151
001152
001168
001182
001191
001194
001207
001214
001229
001237
001240
001248
001263
001268
001270
001279
001294
001309
001312
001325
001326
001327
001334
001346
001384
001385
001393
001395
001405
001409
001414
001426
001427
001434
001442
001450
001455
001468
001470
001479
001480
001483
001485
001488
001492
001494
001498
001499
001504
001515
001517
001521
001557
001559
001563
001579
001593
001610
001611
001612
001622
001633
001636
001649
001654
001661
001662
001669
001673
001680
001683
001684
001690
001699
001707
001711
001713
001723
001729
001732
001734
001738
001739
001741
001750
001754
001768
001787
001800
001806
001821
001828
001836
001840
001843
001845
001853
001854
001858
001870
001881
001892
001898
001906
001922
001937
001938
001945
001950
001971
001978
001981
001989
002006
002012
002025
002027
002034
002037
002039
002042
002047
002049
002051
002095
002104
002108
002116
002134
002139
002151
002155
002156
002158
002170
002172
002176
002179
002180
002182
002187
002191
002192
002196
002197
002199
002219
002221
002224
002238
002256
002265
002277
002279
002287
002306
002310
002311
002315
002320
002335
002342
002347
002354
002359
002362
002392
002401
002405
002411
002419
002420
002423
002436
002442
002443
002448
002458
002465
002466
002471
002472
002480
002481
002494
002500
002501
002514
002518
002533
002547
002555
002559
002572
002579
002590
002595
002599
002609
002625
002627
002634
002635
002645
002666
002680
002682
002684
002691
002710
002737
002755
002757
002763
002774
002782
002796
002804
002807
002816
002817
002820
002834
002864
002866
002867
002869
002870
002881
002899
002906
002919
002934
002939
002956
002957
002958
002975
002987
002990
003003
003013
003042
003047
003053
003061
003083
003116
003124
003133
003135
003140
003147
003149
003155
003157
003161
003163
003175
003184
003185
003204
003214
003231
003236
003244
003247
003254
003259
003273
003279
003280
003284
003290
003292
003303
003308
003331
003336
003339
003343
003354
003355
003356
003363
003365
003369
003374
003392
003396
003401
003406
003408
003412
003417
003424
003430
003433
003436
003439
003452
003477
003484
003489
003493
003496
003497
003500
003508
003510
003522
003524
003539
003548
003549
003550
003585
003588
003596
003608
003609
003614
003622
003625
003628
003629
003635
003644
003646
003663
003664
003671
003678
003679
003699
003700
003705
003732
003748
003751
003763
003773
003779
003781
003784
003792
003797
003806
003817
003828
003847
003849
003859
003860
003874
003879
003898
003907
003913
003936
003939
003949
003971
003974
003987
003988
004005
004008
004013
004016
004017
004023
004028
004035
004058
004093
004100
004106
004111
004120
004129
004131
004136
004137
004146
004149
004158
004163
004169
004170
004196
004200
004201
004209
004215
004223
004224
004231
004232
004244
004255
004256
004263
004269
004271
004272
004307
004318
004322
004327
004333
004338
004339
004359
004360
004365
004367
004370
004371
004376
004386
004387
004389
004404
004434
004436
004439
004441
004452
004470
004484
004496
004502
004508
004524
004526
004548
004549
004551
004562
004563
004565
004566
004570
004587
004591
004595
004597
004604
004607
004622
004623
004625
004628
004656
004675
004679
004683
004685
004686
004687
004694
004706
004714
004715
004718
004735
004743
004747
004753
004776
004779
004782
004783
004790
004792
004793
004794
004801
004808
004823
004828
004836
004837
004842
004848
004857
004869
004873
004876
004879
004882
004897
004898
004913
004929
004946
004955
004958
004961
004962
004968
004972
004973
004976
004987
004990
004991
004995
005001
005006
005007
005016
005018
005024
005026
005045
005047
005052
005057
005108
005121
005122
005134
005138
005143
005168
005177
005181
005190
005191
005208
005217
005219
005245
005269
005283
005285
005290
005292
005297
005307
005327
005337
005344
005345
005363
005373
005387
005396
005404
005405
005406
005408
005410
005413
005433
005440
005445
005448
005453
005483
005489
005496
005511
005519
005524
005526
005527
005536
005541
005544
005563
005568
005574
005579
005582
005585
005592
005603
005609
005611
005624
005625
005630
005631
005636
005668
005680
005697
005700
005704
005710
005715
005728
005730
005735
005738
005742
005756
005757
005783
005784
005786
005796
005805
005817
005826
005831
005840
005851
005861
005888
005889
005893
005895
005899
005903
005908
005910
005918
005920
005923
005938
005947
005948
005960
005961
005971
005980
005990
006020
006023
006025
006030
006033
006038
006067
006070
006073
006078
006079
006088
006104
006105
006123
006128
006131
006141
006162
006166
006172
006175
006176
006177
006181
006183
006189
006196
006208
006221
006224
006229
006230
006236
006238
006247
006251
006261
006262
006272
006279
006285
006289
006290
006291
006299
006305
006320
006329
006341
006349
006353
006363
006367
006371
006374
006381
006382
006395
006419
006427
006433
006436
006438
006447
006455
006459
006462
006472
006475
006482
006486
006495
006503
006506
006523
006536
006548
006550
006551
006556
006595
006602
006609
006612
006626
006635
006638
006648
006652
006654
006674
006684
006695
006703
006706
006707
006714
006727
006734
006736
006740
006755
006766
006777
006781
006782
006805
006806
006822
006825
006836
006839
006840
006849
006852
006868
006874
006883
006896
006911
006912
006914
006916
006930
006931
006939
006943
006947
006950
006959
007002
007016
007018
007023
007029
007033
007036
007040
007045
007050
007064
007072
007075
007089
007090
007092
007093
007095
007105
007108
007113
007125
007128
007138
007150
007159
007184
007185
007193
007222
007223
007241
007261
007263
007271
007279
007285
007289
007295
007298
007305
007308
007322
007327
007334
007336
007351
007369
007375
007381
007389
007394
007411
007419
007425
007437
007446
007467
007468
007483
007491
007497
007503
007513
007521
007526
007536
007538
007540
007544
007558
007566
007572
007575
007586
007590
007594
007600
007601
007619
007663
007685
007697
007699
007704
007713
007721
007729
007731
007740
007749
007751
007753
007775
007790
007809
007820
007831
007838
007840
007853
007863
007864
007876
007877
007901
007910
007939
007940
007953
007959
007963
007964
007976
007980
008012
008017
008019
008026
008037
008040
008042
008062
008064
008067
008075
008076
008079
008082
008093
008095
008098
008121
008127
008139
008150
008163
008188
008202
008211
008226
008232
008235
008248
008252
008261
008263
008269
008272
008282
008310
008311
008312
008313
008315
008316
008317
008322
008336
008360
008385
008391
008398
008409
008422
008426
008427
008437
008462
008466
008467
008470
008482
008483
008495
008506
008517
008530
008533
008581
008585
008587
008588
008595
008602
008615
008618
008663
008676
008688
008690
008691
008702
008710
008725
008755
008756
008768
008770
008771
008783
008784
008790
008794
008806
008809
008813
008819
008847
008865
008878
008879
008891
008900
008905
008923
008926
008930
008933
008939
008967
008969
008979
008988
008989
009000
009004
009005
009016
009018
009020
009027
009029
009036
009049
009058
009063
009066
009073
009078
009086
009099
009106
009108
009114
009121
009123
009160
009181
009184
009196
009200
009255
009259
009269
009270
009271
009285
009287
009288
009289
009318
009325
009333
009343
009359
009365
009388
009393
009398
009409
009410
009411
009417
009424
009429
009432
009434
009460
009465
009466
009469
009476
009488
009497
009499
009504
009515
009516
009523
009526
009549
009566
009573
009577
009584
009585
009596
009600
009613
009614
009615
009637
009650
009656
009659
009664
009666
009668
009693
009702
009703
009707
009721
009729
009734
009735
009749
009763
009774
009776
009789
009790
009797
009800
009805
009808
009810
009825
009830
009834
009839
009848
009852
009859
009867
009868
009878
009879
009882
009884
009926
009940
009942
009945
009961