000032
000039
000063
000121
000170
000241
000250
000256
000363
000480
000515
000528
000549
000645
000648
000713
000720
000733
000738
000768
000793
000822
000876
000904
001027
001073
001149
001185
001225
001397
001420
001439
001595
001724
001825
001834
001872
001901
001960
002024
002055
002088
002099
002120
002142
002212
002234
002273
002281
002293
002361
002368
002403
002462
002545
002611
002668
002669
002760
002845
002896
002914
002953
002954
002967
003000
003118
003178
003189
003205
003207
003330
003451
003525
003529
003565
003580
003593
003604
003788
003876
003889
004003
004009
004291
004423
004459
004481
004500
004537
004627
004705
004707
004768
004830
004841
004948
004951
004998
005064
005086
005124
005130
005144
005210
005212
005248
005262
005264
005273
005314
005360
005368
005430
005647
005702
005790
005859
005878
005951
005988
005989
006004
006066
006134
006136
006151
006212
006254
006281
006400
006409
006445
006483
006530
006585
006605
006660
006661
006673
006699
006704
006803
006865
006899
006900
006944
007003
007021
007048
007154
007230
007250
007398
007432
007480
007481
007523
007530
007585
007621
007649
007772
007773
007878
007890
007902
007908
007947
008043
008072
008085
008140
008142
008203
008218
008307
008403
008468
008526
008764
008801
008927
008932
008948
009209
009295
009327
009348
009422
009464
009527
009533
009550
009580
009597
009605
009618
009649
009709
009724
009807
009832
009947
009950