004768
005264
006704
008203
003593
000515
009533
004459
006530
003330
008307
002234
006151
006212
006400
001149
008927
000363
006605
007003
005859
002545
001027
005368
000256
002293
008043
000170
006673
000032
008948
007621
001225
007890
002055
002669
000645
003565
006281
000039
007480
006944
009605
001397
001872
001825
005248
007048
003178
004003
005144
009295
006585
002088
002403
009597
000768
001960
005210
005988
000733
000063
007432
007585
002024
004500
008526
006661
009348
000876
003189
007523
006409
003118
007649
001185
007250
003207
000793
002953
006803
007908
001073
008142
004481
005262
008072
009649
001834
006134
008218
001901
004009
002273
009209
004948
009807
007772
009618
006865
007878
000241