004958
008067
007921
004674
009945
004171
006300
000524
009609
008048
006005
000860
005408
000474
000044
009732
002554
001493
003272
004323
003792
003509
005215
009780
000707
003546
001074
008874
005420
002691
006421
007704
009470
004788
007776
007653
000012
002718
008978
009035
006353
009860
000682
000794
000628
008452
007224
002586
004848
005084
004031
008410
005424
000009
003623
006962
007694
005755
001649
003258
000523
000740
009611
002342
001532
009250
008004
003299
000850
005389
005676
008559
000289
004823
004390
009762
008386
008127
001840
002715
003398
002910
002529
000482
004361
006637
009214
003990
008391
006824
003667
000104
005451
007457
009283
009307
004517
004077
009029
007394
002436
003089
006466
007675
009389
009710
003007
008101
004067
009703
002456
003284
009621
005781
001582
001642
005175
004977
009496
005434
005752
001930
001200
005956
002606
003219
004150
000632
006175
005023
005867
006018
004792
000898
004983
002184
004566
009291
002848
008835
004011
009411
009805
009034
003939
005952
002567
005889
002605
002913
009412
005078
005421
000526
006867
001341
005674
006887
006104
008607
008483
007088
005259
003410
003126
006945
001310
004562
002699
003628
000786
003945
001958
007033
001268
005406
005521
007174
009808
006931
006687
001843
006009
000915
003912
000338
001661
002658
005789
000317
003519
007525
004148
009141
008914
003763
005292
002219
007213
009378
006069
005186
007270
001436
009388
004662
009845
009614
000764
006956
007093
006971
008573
007834
006666
004512
005222
006041
007046
009459
003320
003818
009116
005908
007901
008838
007586
004352
000400
008180
004815
006270
002542
000203
007479
002354
002502
003436
003354
008342
005685
002677
008434
004571
003524
004091
008967
003974
005208
001002
001072
002613
006690
000599
005190
005975
005919
003609
003419
000163
004816
005121
005588
005954
005729
005052
001662
008139
003622
003594
007074
007421
007868
003465
003634
005704
003846
007431
007928
001818
005438
007790
008160
003648
006366
007517
000282
002751
001954
009859
007855
002932
007039
003282
000987
005826
000224
001898
001877
006284
005374
004840
006427
009822
006430
007754
004719
006108
009463
008322
006703
005497
009749
003253
005169
005242
000934
002684
001084
003913
002253
005998
007302
005970
003350
005348
003210
003606
003695
003522
008502
008581
007454
000221
000308
004542
005209
007437
002519
000882
009585
004386
009707
004368
008478
007859
009205
005220
002091
005539
007571
003722
006542
006766
006627
004962
004087
004495
006067
002096
006425
004322
002881
004484
004671
004773
006140
002224
002302
005615
008040
002747
009136
000929
005897
004232
003102
001286
002151
005231
004686
008730
005947
003214
008364
002569
001152
009268
001136
005796
006782
007877
002228
002749
004300
006150
003636
006755
007077
009884
005576
004779
005397
001053
003484
006341
007285
004890
002559
003397
003359
002937
005327
006718
007438
003656
004389
004935
004850
002762
005047
002021
001137
001766
003261
001325
006023
000499
003694
003034
003420
008381
009676
008709
002901
000590
003216
002615
003065
005136
007647
007045
006428
007073
002886
006203
001205
004019
006079
001226
000296
009153
000476
001201
003254
001364
008849
002255
009091
004928
002933
000977
004693
000303
001315
005414
002257
006948
003779
004872
006282
005303
008213
000269
009886
008806
002461
009576
000935
008608
003973
001068
006269
004310
009407
002051
006180
000489
007925
002067
005072
002634
000782
001260
007883
009382
000259
007578
009668
003455
008514
004869
006768
005563
003956
000041
004397
009721
009271
000051
006314
004783
005762
004548
004364
003363
005440
006309
004973
003058
004990
009620
001269
002466
007809
003844
001686
004727
003122
008125
003002
003307
006084
002202
009163
009362
002782
006829
008638
001887
004606
002318
004105
005039
006488
007177
008604
008588
009375
003857
001326
009290
001061
002471
001529
008338
007513
006810
005325
002585
003493
007411
001432
002364
004966
008572
004283
004111
005371
007445
007745
004168
007372
009079
006105
003877
002372
008584
009882
006111
008888
005185
002609
006458
009790
006030
002191
008987
003374
005660
009398
000583
003401
000889
007271
008199
007677
002037
003337
009089
007031
008879
004673
008805
009094
000138
002696
006883
000406
000550
007768
000077
008926
005829
008748
002458
002594
000396
005073
007821
007713
009666
009349
005027
002109
004141
002315
000954
001759
008096
003740
004133
006524
004701
001066
008692
007838
002226
001752
005001
006519
005274
000344
002384
002653
009700
005672
003791
006025
009588
006027
005603
000072
005885
003566
004034
005599
005875
002664
002518
005445
001952
001043
003781
001273
008477
006556
007735
003425
000459
008360
000900
000266
002934
009519
000597
001747
006438
001618
001082
002649
003412
003703
007594
008595
001557
000050
009800
003905
004231
000917
006575
001614
009603
002834
008029
004060
007650
002404
004264
005483
007705
005448
008306
007565
002199
006301
002194
005145
004274
004432
005821
008653
006184
004387
009792
002248
005367
006762
009053
005700
005373
009477
004955
000680
001404
002158
006344
004280
008883
001708
006731
007980
001233
005254
009549
003031
000613
003015
007998
002984
007059
005097
001541
004200
005912
001168
007709
007671
007642
006735
005881
005791
001756
001365
008475
002633
006668
000093
005830
005517
009193
004237
005895
004535
007718
002962
009133
005948
008005
004604
000118
009638
004152
003820
004916
008775
003228
007742
002745
005135
004692
008958
000554
004939
007274
006129
004287
003835
004349
002140
005485
005618
008794
001361
001294
000194
008279
002015
005101
001485
009148
002114
009200
001555
001465
004298
001830
003924
003811
003444
007325
003856
009636
007812
002291
006091
001270
004743
005351
004438
001279
004997
006919
005171
007329
002244
004295
004609
008280
003971
002039
002919
006972
001548
001571
003335
007117
009870
006061
003603
007889
004654
006153
004623
004256
002833
000169
005641
003057
006225
005028
008989
000233
004777
001603
001683
003325
004073
009085
007247
005104
006593
006583
002082
009066
000251
005852
005146
002405
003370
002267
005268
002544
004186
000612
009466
005843
005311
007263
009432
006808
006797
003468
003395
000908
008031
000544
007139
007318
003588
001636
002261
006209
005625
005693
005524
007629
007149
002373
000374
007243
005695
004563
008810
003783
009049
003054
005350
002086
008433
000710
005246
006325
008809
000564
000130
004683
004797
008770
003860
008150
004145
002000
006760
003979
005068
002347
004825
008542
004524
003949
005471
005319
005267
007743
001390
007062
000872
002324
003161
006610
005298
004514
006261
000675
001234
001797
002287
002270
002030
000229
008397
009218
002064
002049
009852
002241
001298
002045
005189
009272
000657
001104
006349
000726
002931
004579
003961
007419
005077
000887
009772
001610
007603
009273
006981
001078
002183
005723
002514
005980
006976
001842
005579
008919
003706
002598
000460
006822
004292
007299
000322
001434
001780
007964
003516
009238
007953
005355
008429
008512
005283
009114
008422
007527
001515
001904
005380
001290
002942
000902
007336
004574
003549
002680
009913
001281
009249
000802
008843
004836
000192
009247
003392
004230
006570
002706
008310
004946
006163
005229
000215
007791
002345
001158
001693
007187
007758
009545
001739
008521
005278
007104
001337
005838
001240
004195
004509
000921
009507
001688
008075
007666
008550
003865
007150
000946
004429
000101
002600
009113
002835
004325
006486
007375
002584
004039
004714
003338
008701
004508
008960
006950
005747
006470
008300
009908
001164
007528
002265
002435
000552
009351
008423
006362
003826
009748
001258
009224
002136
001121
006220
002263
002722
009940
006989
008985
002256
008953
001755
005819
000812
008254
002512
009497
008294
007381
009789
001514
007180
005654
001113
001711
005637
003403
009212
000165
009900
003204
003441
009659
004737
006587
009926
004647
000513
007576
005914
003629
002491
001854
006765
001467
008413
000200
008976
009479
006499
008116
000411
001847
005522
005441
000832
003199
003713
004452
006218
005815
005630
007141
005554
001799
009181
004754
006833
008848
003355
008772
001928
000298
006922
000501
005992
003596
000328
005909
007389
004430
008624
005470
009596
004685
004369
009785
005591
007244
002392
004212
001828
005918
003269
005527
006835
001920
005782
001140
004433
005467
000448
000439
004010
005894
008872
005195
002520
005769
007662
006748
007820
006320
004882
006474
002868
003439
002476
002666
009528
006599
007449
001972
004911
003027
007987
008320
004968
005868
003658
007125
008750
004992
001460
006845
002214
002393
001911
004913
009270
003698
003654
007376
001259
004110
004634
008465
005340
001721
004592
008281
003336
007537
005379
004776
004437
003164
002310
001102
002589
001014
008208
008002
005326
009019
006827
009063
003163
006777
002213
009726
007721
002401
008282
003262
004136
005669
001690
000307
008044
009568
003008
004228
001691
001806
007699
003679
002734
000948
009185
008667
008633
008615
008741
007958
000394
006329
005773
002355
003651
004372
001933
003758
008444
001522
008900
002855
003092
000777
006740
003727
000109
005416
005983
005761
006148
000225
006224
000714
007970
009679
001732
000731
003416
004801
003063
005199
003879
001782
006635
009036
003752
007845
003528
004246
006107
001810
009112
000771
001144
005026
004991
002279
006089
007036
006606
004185
000711
005963
000336
002938
006909
008284
008695
001685
001789
007212
002917
001272
001207
008518
009954
004502
009278
006813
004307
002020
007071
007626
006848
004149
008409
001211
008454
006472
004471
008655
009693
003316
002678
000461
000500
002986
004628
004016
009166
006377
006839
004903
004082
004895
007919
002197
000140
007633
003997
001293
005071
008995
007876
002989
002689
005183
002477
004279
002102
006916
008317
004046
000579
009868
006747
006172
002070
009236
004092
007413
006240
004708
008032
005824
006674
001156
002117
001775
007639
004229
000712
004553
008424
008117
003830
006448
001083
008209
005487
006550
000605
009719
008710
000742
009099
008766
005306
005343
004679
004441
009698
005345
003458
001727
006391
006847
005686
001386
005219
003760
007959
007439
004015
001669
003047
000620
002290
009461
001545
001795
000863
007388
009259
000690
004994
007197
007667
006462
000407
002307
006671
006418
004106
009801
004347
003511
002784
002891
004271
005307
008498
000023
004549
001680
003231
001976
005224
005738
009326
003828
004146
007020
003184
008530
000391
007900
008969
001875
006250
000626
004496
008115
008920
008470
004331
006455
005592
000857
001161
003273
003987
001274
000989
006874
005542
009484
006612
005544
002525
008188
004808
006850
001045
009414
001981
001937
007308
002864
006958
004273
003105
003074
009476
003969
001611
005730
009016
008036
001184
003678
003380
001107
004239
004588
009073
009144
003996
000810
009039
006689
006223
008749
006450
000367
006896
008942
007289
002025
008592
009946
006576
006983
006392
005063
004786
001864
001352
004967
002472
007100
008301
005153
006538
002155
007847
002330
005856
009540
005836
002362
006442
005439
005680
001413
000772
003339
005344
007294
006179
004760
007346
008211
003662
003717
006934
007777
006020
003963
003599
002767
008635
001248
003926
009191
009333
001231
000608
000826
006814
000443
008024
001470
009566
002783
003915
006933
004995
000672
002190
003796
001215
008251
001110
005405
008966
006055
007910
003240
005499
007873
003890
001633
005349
000404
006097
004272
007779
003149
009405
003147
007612
008387
006501
002940
002561
006295
000888
004360
005765
006509
006385
001170
007956
004455
003056
001754
003620
004976
007762
000228
008859
007991
005814
006062
003082
000218
003430
009227
005134
009880
007729
006995
001801
002952
000520
008171
008449
002827
006821
002776
000610
005961
001160
002320
008771
001266
007461
008384
002704
008856
000372
004023
003146
005716
001517
005138
006463
001171
005740
000024
007279
003279
006382
003369
008999
002411
000232
008144
007540
006694
007657
009959
008168
002002
006734
003200
006876
000705
006222
009747
003638
007592
001902
001576
009377
007853
009526
005863
008728
005530
002323
006619
008390
007359
004581
008319
004315
005779
000462
000565
008189
006096
003774
002454
008062
000868
006697
006859
002061
009121
007038
001509
006963
008858
005378
002772
008268
002176
004651
009516
009560
009354
000081
000973
003887
004359
008202
001882
002027
002879
006249
007433
004135
004220
008095
006507
007396
008979
005122
001807
004857
001718
003391
001077
008216
008105
005735
009577
002755
006185
004818
006772
009518
001199
006753
006233
008372
003983
001512
002645
005108
001421
001151
008174
001330
003162
000245
003116
004655
001632
005395
003415
009713
003699
002816
000210
001590
009410
009394
000601
004122
006124
000848
003247
009481
007724
005899
009325
003028
008425
000107
001653
009037
007327
006840
008151
003859
002646
006042
005489
003863
000095
004770
006045
006917
008562
002513
008753
007089
005906
006939
008636
002941
004284
009823
003868
007619
001203
003809
008776
005417
005478
001638
008621
006125
002785
002251
006786
006994
005903
004896
000311
001963
004672
003464
008790
001608
009834
000834
009958
006543
004702
001147
007214
002382
009439
004793
001143
002337
007129
000305
004411
000065
008541
002333
002912
003521
004519
005550
005743
004910
004570
007365
002858
007058
008617
006465
006643
009699
003127
005905
001209
004926
008769
000320
005768
009337
002425
004221
005288
002385
009839
001323
003918
007035
003837
008690
007138
002001
009202
000190
003211
006584
002350
002335
009371
008057
001878
009695
008100
004706
004095
009494
004384
005257
004682
007078
007350
008533
001746
000036
000937
003577
000177
006001
004527
004897
005481
005653
002786
009138
007898
003586
005223
002867
004205
007097
006893
003790
002300
005749
004846
009523
005861
007314
000647
006988
007092
004999
003984
005991
000263
000066
001647
007663
005056
006243
003077
002899
000660
009359
000699
004943
001475
006291
006267
008122
002796
001793
007672
002803
001480
008008
009048
002174
003954
004058
003721
005007
006447
007535
007654
002098
003154
001445
008442
007200
002417
009504
005116
006852
003793
003107
001247
002735
003090
001579
005285
006357
000525
008890
003004
005305
005786
007767
001523
008917
005352
005433
006769
003429
007086
002963
000083
007351
003280
009157
008683
006216
006183
000268
008060
001749
004931
002043
009532
004494
001455
008876
001327
009080
005582
007691
009774
008248
000318
002994
008620
000653
007042
006103
008733
002682
008017
002187
008606
008854
004409
004255
009711
005081
005888
009819
009255
009842
008351
009733
002056
009942
006968
006903
001142
003223
003946
002480
009312
006395
006696
000446
000416
007284
003327
004814
001932
000379
000689
008759
008982
009905
002497
009671
008687
001011
006495
009374
001858
005214
007334
007283
000820
000483
008549
008585
009491
007460
006670
009878
002944
003994
000541
001312
001903
001001
006330
009059
006369
005920
002496
009778
005475
007466
003489
008831
000433
006588
007298
007631
009500
007579
009939
004194
004587
007305
004341
006258
000717
000588
006000
008519
002723
001443
009797
003869
003960
004597
008840
002126
004886
007241
004878
003218
001079
001214
005407
006858
001097
002826
004085
001166
008663
000694
001853
002439
006943
006264
008108
005230
002683
002779
002375
004196
001785
002340
005893
003691
000091
003575
007954
006520
003487
003103
007637
002675
008884
000468
006187
009433
000236
001388
002460
006932
004464
002306
008988
008026
005388
004742
006959
005584
000965
007105
001042
005611
004012
003461
004258
005658
007732
005020
001041
000739
003155
007886
003618
008166
000380
007727
005879
009816
004339
004873
007568
005457
007234
007427
003500
006794
003696
003233
007425
009086
007685
000879
008676
006078
003477
005036
000304
006128
000589
008936
009763
008443
002508
000159
006374
004618
005981
006156
000285
000048
005418
007167
003303
000122
000047
007236
001553
006908
009368
009734
002759
003170
000996
001494
000827
001176
007356
004008
001009
000021
000755
000962
000911
001130
005110
008485
004748