000032
000033
000042
000061
000129
000187
000250
000256
000528
000549
000559
000648
000733
000768
000793
000804
000822
000830
000904
000999
001073
001239
001299
001408
001420
001457
001526
001586
001594
001630
001717
001733
001761
001825
001834
001960
002055
002120
002132
002212
002234
002260
002284
002293
002368
002403
002445
002539
002545
002611
002648
002669
002845
002914
002953
003011
003051
003088
003106
003110
003134
003169
003188
003205
003330
003349
003367
003373
003499
003506
003525
003529
003565
003604
003621
003714
003786
003788
003861
003889
003991
004009
004033
004052
004121
004189
004190
004241
004281
004291
004392
004481
004500
004510
004537
004627
004644
004705
004830
004841
004902
004951
005058
005086
005107
005114
005124
005130
005173
005262
005273
005304
005358
005360
005368
005509
005547
005600
005705
005803
005813
005859
005911
005951
006004
006066
006134
006171
006400
006483
006549
006560
006605
006660
006698
006704
006864
006866
006899
006900
007003
007007
007130
007154
007168
007250
007398
007417
007477
007481
007493
007524
007530
007621
007748
007795
007810
007836
007878
007908
007996
008043
008051
008072
008084
008106
008142
008203
008204
008218
008260
008374
008403
008468
008596
008645
008670
008764
008815
008932
008944
008948
008973
008980
009068
009209
009245
009251
009252
009295
009327
009392
009413
009419
009422
009446
009458
009562
009605
009618
009654
009684
009691
009709
009756
009807
009832
009911
009938
005374
001304
001332
000312
003103
000919
002502
001068
009100
001365
007458
004347
006810
007180
007365
009230
009205
000141
008841
007454
008559
002594
006499
007323
000818
007633
008872
004992
003856
005246
007474
008741
006225
003656
008617
000865
000622
009185
000900
000404
008397
009389
003242
000242
009621
003511
001436
004140
002061
003320
006910
004037
003970
000810
007872
007653
003359
003229
007631
003066
000993
009557
001390
000612
006748
002215
002373
005369
009214
000207
001721
007762
002778
002194
005718
007121
000036
001985
001212
009528
006043
005389
008558
007898
002241
005821
006597
000898
000035
005071
002992
002783
004012
005318
003575
004815
002730
004710
003758
009336
001404
006011
009733
000936
008332
006983
008475
006833
000349
003576
000754
008732
002855
009762
004091
003983
001864
007152
009755
004634
009508
002647
000476
003993
004171
000194
001036
009377
005601
003961
002664
009316
003085
008341
008452
008985
005514
007777
009609
004296
004885
007578
000296
006658
009290
001555
009358
007133
001323
002766
006794
008453
000633
007205
008883
005864
006434
000892
006130
005451
001171
009520
008744
003382
001078
000161
006250
002255
004242
004584
009944
009362
006971
008886
001024
006366
003627
004544
004095
003420
001258
001651
006869
006824
008005
009307
008381
000048
001759
005905
002534
005033
000463
005686
004287
003752
006735
008250
009679
006135
006858
005838
001980
003564
000753
003835
006731
009296
004220
008699
008388
002841
006187
001832
004849
006847
006267
008372
007781
004643
003658
007256
002280
001952
003240
003645
001604
003997
007163
001071
003834
004648
001230
008523
008958
009421
000850
004693
005169
005078
005336
000307
007431
002683
002988
002564
002384
002253
000073
002461
007194
000282
007735
003380
008443
007905
005885
008971
008665
005388
001127
007932
008960
005455
008174
004553
005073
005231
009215
007736
003887
003811
006501
001902
003681
005414
002969
009173
003969
007900
006417
002937
000394
006061
005084
003063
004300
008254
001501
007854
004221
009080
008995
009860
001388
005713
009845
007667
002069
008760
004691
009306
000541
000987
006976
009629
007410
005027
002439
009175
007925
007519
008720
006968
007373
009394
001977
008169
008351
006179
008920
000164
008962
001156
006091
007683
008384
005183
004092
004984
003159
002931
003108
004315
009623
004292
001758
003165
009918
008936
009045
003395
005068
007361
000012
006919
000565
008262
009166
006210
003688
004701
000796
002704
006458
009197
005424
007396
003253
002334
008966
000888
001528
006100
009851
003935
007803
009238
007696
000902
003024
009792
003146
005782
004133
005338
001714
004471
003269
001928
005699
009420
001643
005090
004799
001765
005260
005740
002868
004832
005669
006362
004253
007219
007088
003092
007325
000219
005930
008199
004379
005873
005244
005236
003577
004283
002496
009887
001766
005259
001556
005637
005765
004345
007197
007039
007080
008137
002989
009386
002571
009299
002603
004636
003202
006844
008223
005654
004748
001810
001894
004671
007011
003107
007767
003337
006689
005983
007606
001345
006466
000597
001590
006708
008117
006784
005984
005599
003694
002186
003749
009148
005094
008001
001421
009542
000726
001315
009406
005806
004520
003599
009904
008083
002117
009032
004910
009418
002153
008342
005605
009842
009339
003181
001406
002068
005764
000899
004152
002490
009813
002848
000906
002478
000387
003007
001650
003634
005020
008478
000516
009524
004372
007479
001529
003350
008970
008838
000887
008633
005171
000431
001780
005097
005004
000552
000311
008978
004280
003790
003105
000699
000710
003698
009496
007570
002020
001205
001226
001903
007637
007968
005499
002004
006103
005065
002962
001627
008186
002166
004247
008445
003413
008197
007025
005032
001147
008610
003735
006474
004576
005644
003421
008216
006958
008655
007885
000411
009877
005223
000851
002765
005850
003233
009644
004391
005860
009407
004773
003945
007859
003586
008164
009551
004612
000827
002702
008856
007718
003912
003767
000672
000685
008302
003743
007814
002738
006564
004019
005884
002873
001057
006773
009959
005508
006893
009518
002749
006917
005215
007923
006948
002715
003807
006448
008456
008549
001364
008811
007413
006009
003998
002247
008748
002735
001158
000654
001954
002745
002001
003740
002193
003551
001963
001524
008096
008280
005203
001287
001752
008968
003074
000083
006156
004723
001209
005843
001234
009059
004228
008550
002744
000189
002321
008776
001140
004067
005478
009283
002096
007611
008814
009208
004270
004273
001273
002350
004303
007079
005487
008044
001896
009855
002697
009828
008840
004907
006243
001451
009342
008442
008465
000382
001001
000407
006180
005156
008738
002569
001995
005515
002249
006476
006170
007911
003270
008961
005450
003555
002791
004605
007926
008338
002468
002653
006622
008049
005257
001841
001204
009576
001904
009144
009896
006158
008346
002318
008999
008116
006270
005189
005824
001050
004571
004611
003899
007073
006095
005417
002554
008063
003145
005420
008477
007974
009490
003866
006753
007692
005789
009717
008706
003138
007466
001708
009512
006369
002208
001532
008757
004138
006547
006697
007213
007078
007006
002722
007565
005964
006470
006174
002433
000133
004737
002858
006627
004702
009671
001453
000635
002002
009872
008909
008004
001915
002355
003713
003932
000089
001597
004905
002413
002512
003759
000138
002307
006223
005769
007182
005186
006569
009117
001607
000554
009161
009718
001512
000929
007914
005639
005658
003260
007991
005129
008885
009587
005467
002976
004479
005752
004797
000980
003827
001106
008750
009634
003416
001999
005258
008568
002995
004164
006411
005311
008727
003818
008253
006738
007421
002410
007791
003077
009136
007234
003642
000583
006429
004631
002323
005093
007385
005591
008449
003890
006909
002043
006726
009153
000996
000153
001119
004168
004846
001060
003379
005101
007535
003441
009869
000731
002795
008008
005310
003487
002237
005202
000325
007629
006515
006610
001861
009242
009098
006442
008213
007655
001548
003466
002779
006275
005780
005023
003034
004517
008425
000077
007847
003122
000474
001539
005153
005836
003450
004974
001809
009545
005901
004911
006344
003824
002126
009272
009874
001172
005303
005061
005881
002544
006524
005351
005288
005909
004514
006065
002662
003953
000820
006096
002759
003282
009541
001789
005648
007915
006074
004519
003261
009308
008975
001941
001930
004754
003830
008731
001348
000849
004325
004034
000829
002844
001688
003605
000964
007062
005992
006375
006304
002519
004046
000989
004361
007654
002291
008108
009227
007490
003865
002558
001378
009491
009638
003695
007370
006887
005391
003002
001576
003704
008929
005731
004760
003338
005867
001676
009713
008536
006636
000711
007177
000739
006264
009920
008987
009579
001314
006848
007819
001777
003100
007884
009042
009324
005029
002713
005814
008166
006140
006694
005457
003491
009537
000347
003027
005695
006637
002826
000589
008130
009191
007129
000609
008628
003662
008053
000159
001333
002178
000524
000416
003921
008723
004579
001269
002483
005566
009463
006845
002801
003603
004237
007166
005542
001418
009218
002056
003183
003211
007883
003956
006418
007243
004651
008529
003509
003150
007214
001486
004540
008296
004014
008301
001580
004742
006352
001174
001402
002015
008862
007821
009949
004966