000012
000017
000023
000026
000034
000035
000036
000044
000047
000048
000064
000066
000073
000077
000078
000083
000089
000091
000104
000112
000122
000133
000134
000138
000140
000141
000147
000153
000154
000159
000161
000162
000163
000164
000171
000173
000174
000189
000192
000193
000194
000198
000200
000207
000209
000219
000220
000222
000225
000228
000235
000242
000259
000262
000263
000276
000278
000282
000288
000294
000296
000306
000307
000311
000312
000317
000320
000325
000331
000334
000337
000344
000347
000349
000355
000359
000367
000370
000372
000379
000382
000387
000391
000394
000395
000400
000404
000406
000407
000411
000416
000430
000431
000438
000446
000450
000454
000463
000468
000469
000470
000474
000476
000477
000484
000489
000496
000503
000508
000516
000518
000519
000522
000524
000525
000526
000535
000537
000541
000544
000550
000552
000554
000555
000565
000577
000583
000589
000590
000592
000597
000605
000609
000612
000620
000622
000625
000632
000633
000635
000654
000657
000671
000672
000680
000685
000688
000689
000695
000699
000700
000709
000710
000711
000726
000729
000731
000739
000740
000753
000754
000761
000764
000767
000770
000774
000796
000805
000810
000812
000818
000820
000823
000827
000828
000829
000845
000849
000850
000851
000859
000860
000865
000867
000871
000887
000888
000889
000892
000898
000899
000900
000902
000906
000908
000912
000915
000919
000929
000936
000943
000950
000951
000954
000958
000962
000964
000965
000966
000967
000977
000980
000987
000989
000991
000993
000996
000997
001001
001002
001008
001010
001011
001014
001015
001024
001036
001043
001050
001057
001060
001064
001068
001071
001077
001078
001079
001082
001101
001106
001112
001113
001119
001127
001129
001130
001140
001147
001151
001152
001156
001158
001168
001171
001172
001174
001182
001191
001194
001204
001205
001207
001209
001212
001214
001226
001229
001230
001234
001237
001240
001248
001258
001263
001268
001269
001270
001273
001279
001287
001294
001304
001309
001312
001314
001315
001323
001325
001326
001327
001332
001333
001334
001345
001346
001348
001364
001365
001378
001384
001385
001388
001390
001393
001395
001402
001404
001405
001406
001409
001414
001418
001421
001426
001427
001434
001436
001442
001450
001451
001453
001455
001468
001470
001479
001480
001483
001485
001486
001488
001492
001494
001498
001499
001501
001504
001512
001515
001517
001521
001524
001528
001529
001532
001539
001548
001555
001556
001557
001559
001563
001576
001579
001580
001590
001593
001597
001604
001607
001610
001611
001612
001622
001627
001633
001636
001643
001649
001650
001651
001654
001661
001662
001669
001673
001676
001680
001683
001684
001688
001690
001699
001707
001708
001711
001713
001714
001721
001723
001729
001732
001734
001738
001739
001741
001750
001752
001754
001758
001759
001765
001766
001768
001777
001780
001787
001789
001800
001806
001809
001810
001821
001828
001832
001836
001840
001841
001843
001845
001853
001854
001858
001861
001864
001870
001881
001892
001894
001896
001898
001902
001903
001904
001906
001915
001922
001928
001930
001937
001938
001941
001945
001950
001952
001954
001963
001971
001977
001978
001980
001981
001985
001989
001995
001999
002001
002002
002004
002006
002012
002015
002020
002025
002027
002034
002037
002039
002042
002043
002047
002049
002051
002056
002061
002068
002069
002095
002096
002104
002108
002116
002117
002126
002134
002139
002151
002153
002155
002156
002158
002166
002170
002172
002176
002178
002179
002180
002182
002186
002187
002191
002192
002193
002194
002196
002197
002199
002208
002215
002219
002221
002224
002237
002238
002241
002247
002249
002253
002255
002256
002265
002277
002279
002280
002287
002291
002306
002307
002310
002311
002315
002318
002320
002321
002323
002334
002335
002342
002347
002350
002354
002355
002359
002362
002373
002384
002392
002401
002405
002410
002411
002413
002419
002420
002423
002433
002436
002439
002442
002443
002448
002458
002461
002465
002466
002468
002471
002472
002478
002480
002481
002483
002490
002494
002496
002500
002501
002502
002512
002514
002518
002519
002533
002534
002544
002547
002554
002555
002558
002559
002564
002569
002571
002572
002579
002590
002594
002595
002599
002603
002609
002625
002627
002634
002635
002645
002647
002653
002662
002664
002666
002680
002682
002683
002684
002691
002697
002702
002704
002710
002713
002715
002722
002730
002735
002737
002738
002744
002745
002749
002755
002757
002759
002763
002765
002766
002774
002778
002779
002782
002783
002791
002795
002796
002801
002804
002807
002816
002817
002820
002826
002834
002841
002844
002848
002855
002858
002864
002866
002867
002868
002869
002870
002873
002881
002899
002906
002919
002931
002934
002937
002939
002956
002957
002958
002962
002969
002975
002976
002987
002988
002989
002990
002992
002995
003002
003003
003007
003013
003024
003027
003034
003042
003047
003053
003061
003063
003066
003074
003077
003083
003085
003092
003100
003103
003105
003107
003108
003116
003122
003124
003133
003135
003138
003140
003145
003146
003147
003149
003150
003155
003157
003159
003161
003163
003165
003175
003181
003183
003184
003185
003202
003204
003211
003214
003229
003231
003233
003236
003240
003242
003244
003247
003253
003254
003259
003260
003261
003269
003270
003273
003279
003280
003282
003284
003290
003292
003303
003308
003320
003331
003336
003337
003338
003339
003343
003350
003354
003355
003356
003359
003363
003365
003369
003374
003379
003380
003382
003392
003395
003396
003401
003406
003408
003412
003413
003416
003417
003420
003421
003424
003430
003433
003436
003439
003441
003450
003452
003466
003477
003484
003487
003489
003491
003493
003496
003497
003500
003508
003509
003510
003511
003522
003524
003539
003548
003549
003550
003551
003555
003564
003575
003576
003577
003585
003586
003588
003596
003599
003603
003605
003608
003609
003614
003622
003625
003627
003628
003629
003634
003635
003642
003644
003645
003646
003656
003658
003662
003663
003664
003671
003678
003679
003681
003688
003694
003695
003698
003699
003700
003704
003705
003713
003732
003735
003740
003743
003748
003749
003751
003752
003758
003759
003763
003767
003773
003779
003781
003784
003790
003792
003797
003806
003807
003811
003817
003818
003824
003827
003828
003830
003834
003835
003847
003849
003856
003859
003860
003865
003866
003874
003879
003887
003890
003898
003899
003907
003912
003913
003921
003932
003935
003936
003939
003945
003949
003953
003956
003961
003969
003970
003971
003974
003983
003987
003988
003993
003997
003998
004005
004008
004012
004013
004014
004016
004017
004019
004023
004028
004034
004035
004037
004046
004058
004067
004091
004092
004093
004095
004100
004106
004111
004120
004129
004131
004133
004136
004137
004138
004140
004146
004149
004152
004158
004163
004164
004168
004169
004170
004171
004196
004200
004201
004209
004215
004220
004221
004223
004224
004228
004231
004232
004237
004242
004244
004247
004253
004255
004256
004263
004269
004270
004271
004272
004273
004280
004283
004287
004292
004296
004300
004303
004307
004315
004318
004322
004325
004327
004333
004338
004339
004345
004347
004359
004360
004361
004365
004367
004370
004371
004372
004376
004379
004386
004387
004389
004391
004404
004434
004436
004439
004441
004452
004470
004471
004479
004484
004496
004502
004508
004514
004517
004519
004520
004524
004526
004540
004544
004548
004549
004551
004553
004562
004563
004565
004566
004570
004571
004576
004579
004584
004587
004591
004595
004597
004604
004605
004607
004611
004612
004622
004623
004625
004628
004631
004634
004636
004643
004648
004651
004656
004671
004675
004679
004683
004685
004686
004687
004691
004693
004694
004701
004702
004706
004710
004714
004715
004718
004723
004735
004737
004742
004743
004747
004748
004753
004754
004760
004773
004776
004779
004782
004783
004790
004792
004793
004794
004797
004799
004801
004808
004815
004823
004828
004832
004836
004837
004842
004846
004848
004849
004857
004869
004873
004876
004879
004882
004885
004897
004898
004905
004907
004910
004911
004913
004929
004946
004955
004958
004961
004962
004966
004968
004972
004973
004974
004976
004984
004987
004990
004991
004992
004995
005001
005004
005006
005007
005016
005018
005020
005023
005024
005026
005027
005029
005032
005033
005045
005047
005052
005057
005061
005065
005068
005071
005073
005078
005084
005090
005093
005094
005097
005101
005108
005121
005122
005129
005134
005138
005143
005153
005156
005168
005169
005171
005177
005181
005183
005186
005189
005190
005191
005202
005203
005208
005215
005217
005219
005223
005231
005236
005244
005245
005246
005257
005258
005259
005260
005269
005283
005285
005288
005290
005292
005297
005303
005307
005310
005311
005318
005327
005336
005337
005338
005344
005345
005351
005363
005369
005373
005374
005387
005388
005389
005391
005396
005404
005405
005406
005408
005410
005413
005414
005417
005420
005424
005433
005440
005445
005448
005450
005451
005453
005455
005457
005467
005478
005483
005487
005489
005496
005499
005508
005511
005514
005515
005519
005524
005526
005527
005536
005541
005542
005544
005563
005566
005568
005574
005579
005582
005585
005591
005592
005599
005601
005603
005605
005609
005611
005624
005625
005630
005631
005636
005637
005639
005644
005648
005654
005658
005668
005669
005680
005686
005695
005697
005699
005700
005704
005710
005713
005715
005718
005728
005730
005731
005735
005738
005740
005742
005752
005756
005757
005764
005765
005769
005780
005782
005783
005784
005786
005789
005796
005805
005806
005814
005817
005821
005824
005826
005831
005836
005838
005840
005843
005850
005851
005860
005861
005864
005867
005873
005881
005884
005885
005888
005889
005893
005895
005899
005901
005903
005905
005908
005909
005910
005918
005920
005923
005930
005938
005947
005948
005960
005961
005964
005971
005980
005983
005984
005990
005992
006009
006011
006020
006023
006025
006030
006033
006038
006043
006061
006065
006067
006070
006073
006074
006078
006079
006088
006091
006095
006096
006100
006103
006104
006105
006123
006128
006130
006131
006135
006140
006141
006156
006158
006162
006166
006170
006172
006174
006175
006176
006177
006179
006180
006181
006183
006187
006189
006196
006208
006210
006221
006223
006224
006225
006229
006230
006236
006238
006243
006247
006250
006251
006261
006262
006264
006267
006270
006272
006275
006279
006285
006289
006290
006291
006299
006304
006305
006320
006329
006341
006344
006349
006352
006353
006362
006363
006366
006367
006369
006371
006374
006375
006381
006382
006395
006411
006417
006418
006419
006427
006429
006433
006434
006436
006438
006442
006447
006448
006455
006458
006459
006462
006466
006470
006472
006474
006475
006476
006482
006486
006495
006499
006501
006503
006506
006515
006523
006524
006536
006547
006548
006550
006551
006556
006564
006569
006595
006597
006602
006609
006610
006612
006622
006626
006627
006635
006636
006637
006638
006648
006652
006654
006658
006674
006684
006689
006694
006695
006697
006703
006706
006707
006708
006714
006726
006727
006731
006734
006735
006736
006738
006740
006748
006753
006755
006766
006773
006777
006781
006782
006784
006794
006805
006806
006810
006822
006824
006825
006833
006836
006839
006840
006844
006845
006847
006848
006849
006852
006858
006868
006869
006874
006883
006887
006893
006896
006909
006910
006911
006912
006914
006916
006917
006919
006930
006931
006939
006943
006947
006948
006950
006958
006959
006968
006971
006976
006983
007002
007006
007011
007016
007018
007023
007025
007029
007033
007036
007039
007040
007045
007050
007062
007064
007072
007073
007075
007078
007079
007080
007088
007089
007090
007092
007093
007095
007105
007108
007113
007121
007125
007128
007129
007133
007138
007150
007152
007159
007163
007166
007177
007180
007182
007184
007185
007193
007194
007197
007205
007213
007214
007219
007222
007223
007234
007241
007243
007256
007261
007263
007271
007279
007285
007289
007295
007298
007305
007308
007322
007323
007325
007327
007334
007336
007351
007361
007365
007369
007370
007373
007375
007381
007385
007389
007394
007396
007410
007411
007413
007419
007421
007425
007431
007437
007446
007454
007458
007466
007467
007468
007474
007479
007483
007490
007491
007497
007503
007513
007519
007521
007526
007535
007536
007538
007540
007544
007558
007565
007566
007570
007572
007575
007578
007586
007590
007594
007600
007601
007606
007611
007619
007629
007631
007633
007637
007653
007654
007655
007663
007667
007683
007685
007692
007696
007697
007699
007704
007713
007718
007721
007729
007731
007735
007736
007740
007749
007751
007753
007762
007767
007775
007777
007781
007790
007791
007803
007809
007814
007819
007820
007821
007831
007838
007840
007847
007853
007854
007859
007863
007864
007872
007876
007877
007883
007884
007885
007898
007900
007901
007905
007910
007911
007914
007915
007923
007925
007926
007932
007939
007940
007953
007959
007963
007964
007968
007974
007976
007980
007991
008001
008004
008005
008008
008012
008017
008019
008026
008037
008040
008042
008044
008049
008053
008062
008063
008064
008067
008075
008076
008079
008082
008083
008093
008095
008096
008098
008108
008116
008117
008121
008127
008130
008137
008139
008150
008163
008164
008166
008169
008174
008186
008188
008197
008199
008202
008211
008213
008216
008223
008226
008232
008235
008248
008250
008252
008253
008254
008261
008262
008263
008269
008272
008280
008282
008296
008301
008302
008310
008311
008312
008313
008315
008316
008317
008322
008332
008336
008338
008341
008342
008346
008351
008360
008372
008381
008384
008385
008388
008391
008397
008398
008409
008422
008425
008426
008427
008437
008442
008443
008445
008449
008452
008453
008456
008462
008465
008466
008467
008470
008475
008477
008478
008482
008483
008495
008506
008517
008523
008529
008530
008533
008536
008549
008550
008558
008559
008568
008581
008585
008587
008588
008595
008602
008610
008615
008617
008618
008628
008633
008655
008663
008665
008676
008688
008690
008691
008699
008702
008706
008710
008720
008723
008725
008727
008731
008732
008738
008741
008744
008748
008750
008755
008756
008757
008760
008768
008770
008771
008776
008783
008784
008790
008794
008806
008809
008811
008813
008814
008819
008838
008840
008841
008847
008856
008862
008865
008872
008878
008879
008883
008885
008886
008891
008900
008905
008909
008920
008923
008926
008929
008930
008933
008936
008939
008958
008960
008961
008962
008966
008967
008968
008969
008970
008971
008975
008978
008979
008985
008987
008988
008989
008995
008999
009000
009004
009005
009016
009018
009020
009027
009029
009032
009036
009042
009045
009049
009058
009059
009063
009066
009073
009078
009080
009086
009098
009099
009100
009106
009108
009114
009117
009121
009123
009136
009144
009148
009153
009160
009161
009166
009173
009175
009181
009184
009185
009191
009196
009197
009200
009205
009208
009214
009215
009218
009227
009230
009238
009242
009255
009259
009269
009270
009271
009272
009283
009285
009287
009288
009289
009290
009296
009299
009306
009307
009308
009316
009318
009324
009325
009333
009336
009339
009342
009343
009358
009359
009362
009365
009377
009386
009388
009389
009393
009394
009398
009406
009407
009409
009410
009411
009417
009418
009420
009421
009424
009429
009432
009434
009460
009463
009465
009466
009469
009476
009488
009490
009491
009496
009497
009499
009504
009508
009512
009515
009516
009518
009520
009523
009524
009526
009528
009537
009541
009542
009545
009549
009551
009557
009566
009573
009576
009577
009579
009584
009585
009587
009596
009600
009609
009613
009614
009615
009621
009623
009629
009634
009637
009638
009644
009650
009656
009659
009664
009666
009668
009671
009679
009693
009702
009703
009707
009713
009717
009718
009721
009729
009733
009734
009735
009749
009755
009762
009763
009774
009776
009789
009790
009792
009797
009800
009805
009808
009810
009813
009825
009828
009830
009834
009839
009842
009845
009848
009851
009852
009855
009859
009860
009867
009868
009869
009872
009874
009877
009878
009879
009882
009884
009887
009896
009904
009918
009920
009926
009940
009942
009944
009945
009949
009959
009961
000005
000007
000009
000016
000019
000020
000021
000024
000030
000041
000046
000050
000051
000052
000060
000065
000072
000081
000093
000095
000099
000101
000102
000107
000109
000110
000113
000117
000118
000120
000125
000130
000131
000132
000142
000143
000146
000150
000156
000158
000165
000169
000177
000180
000184
000190
000203
000208
000210
000211
000214
000215
000218
000221
000224
000229
000232
000233
000236
000244
000245
000246
000249
000251
000257
000266
000268
000269
000270
000275
000285
000289
000298
000302
000303
000304
000305
000308
000318
000321
000322
000328
000329
000336
000338
000340
000343
000352
000354
000373
000374
000380
000381
000396
000403
000408
000417
000419
000420
000424
000427
000428
000433
000435
000439
000443
000448
000459
000460
000461
000462
000482
000483
000486
000492
000494
000498
000499
000500
000501
000509
000513
000514
000520
000523
000530
000531
000540
000543
000545
000563
000564
000579
000581
000582
000588
000591
000598
000599
000601
000608
000610
000613
000619
000626
000628
000637
000647
000653
000656
000660
000667
000675
000677
000682
000684
000686
000690
000694
000702
000705
000707
000712
000714
000717
000728
000730
000742
000746
000748
000750
000752
000755
000756
000760
000763
000771
000772
000776
000777
000780
000782
000786
000787
000791
000794
000797
000800
000802
000806
000808
000814
000815
000816
000826
000831
000832
000834
000842
000843
000848
000854
000855
000857
000863
000868
000872
000874
000878
000879
000880
000882
000885
000895
000896
000903
000911
000917
000918
000920
000921
000923
000926
000931
000934
000935
000937
000946
000947
000948
000949
000971
000972
000973
000982
001004
001009
001012
001017
001018
001028
001041
001042
001045
001052
001053
001056
001061
001062
001066
001069
001072
001074
001083
001084
001091
001092
001093
001097
001102
001104
001107
001109
001110
001121
001124
001125
001136
001137
001142
001143
001144
001145
001148
001160
001161
001164
001166
001170
001176
001184
001186
001187
001192
001199
001200
001201
001203
001206
001211
001215
001221
001224
001231
001233
001236
001241
001247
001250
001254
001259
001260
001265
001266
001272
001274
001277
001281
001286
001290
001292
001293
001298
001310
001316
001324
001330
001337
001341
001343
001350
001352
001360
001361
001362
001371
001375
001383
001386
001387
001400
001413
001432
001441
001443
001444
001445
001460
001463
001464
001465
001466
001467
001472
001475
001481
001484
001490
001493
001497
001509
001510
001514
001522
001523
001531
001536
001537
001541
001543
001544
001545
001553
001554
001561
001565
001571
001577
001582
001588
001598
001603
001608
001614
001617
001618
001628
001632
001638
001640
001642
001647
001653
001675
001682
001685
001686
001689
001691
001693
001718
001725
001726
001727
001730
001746
001747
001749
001755
001756
001771
001772
001775
001778
001782
001784
001785
001793
001795
001797
001799
001801
001807
001816
001818
001827
001830
001833
001837
001842
001847
001849
001855
001860
001862
001875
001877
001878
001882
001887
001888
001899
001907
001911
001918
001920
001927
001931
001932
001933
001934
001936
001940
001944
001948
001958
001962
001964
001970
001972
001976
001982
002000
002011
002019
002021
002022
002023
002030
002036
002045
002054
002058
002063
002064
002067
002070
002082
002083
002086
002090
002091
002098
002101
002102
002109
002112
002114
002124
002125
002129
002135
002136
002140
002145
002146
002152
002163
002165
002169
002171
002174
002181
002183
002184
002190
002201
002202
002209
002213
002214
002218
002220
002226
002228
002233
002244
002248
002251
002257
002259
002261
002263
002267
002270
002272
002276
002278
002285
002288
002290
002300
002302
002305
002308
002324
002328
002329
002330
002332
002333
002337
002340
002343
002345
002348
002352
002364
002366
002367
002369
002371
002372
002374
002375
002377
002382
002385
002391
002393
002404
002407
002415
002417
002425
002435
002437
002441
002444
002450
002452
002454
002456
002459
002460
002476
002477
002479
002491
002492
002493
002497
002504
002505
002508
002513
002520
002523
002524
002525
002529
002537
002540
002542
002546
002549
002561
002563
002566
002567
002578
002584
002585
002586
002589
002593
002598
002600
002605
002606
002613
002615
002621
002632
002633
002636
002637
002641
002646
002649
002657
002658
002659
002667
002670
002675
002677
002678
002689
002690
002693
002695
002696
002699
002706
002709
002714
002717
002718
002721
002723
002727
002732
002734
002741
002747
002751
002762
002767
002772
002775
002776
002784
002785
002786
002794
002798
002800
002803
002810
002812
002815
002827
002833
002835
002836
002838
002842
002847
002854
002859
002875
002879
002880
002884
002886
002889
002891
002893
002901
002910
002912
002913
002915
002916
002917
002924
002932
002933
002935
002938
002940
002941
002942
002943
002944
002946
002947
002952
002960
002963
002965
002966
002977
002978
002984
002986
002994
003004
003005
003008
003009
003015
003017
003021
003023
003028
003031
003032
003038
003039
003044
003045
003054
003056
003057
003058
003064
003065
003072
003078
003082
003086
003089
003090
003093
003094
003098
003102
003112
003117
003120
003121
003126
003127
003129
003142
003154
003162
003164
003170
003176
003177
003186
003199
003200
003210
003213
003216
003218
003219
003223
003228
003239
003243
003250
003255
003256
003258
003262
003271
003272
003274
003285
003293
003294
003296
003299
003300
003301
003307
003311
003313
003316
003325
003327
003335
003344
003351
003360
003362
003370
003376
003377
003386
003390
003391
003397
003398
003403
003404
003407
003410
003415
003419
003422
003425
003429
003435
003443
003444
003449
003453
003455
003458
003461
003462
003464
003465
003468
003469
003470
003492
003516
003518
003519
003521
003528
003536
003537
003546
003554
003556
003566
003567
003589
003594
003597
003606
003618
003620
003623
003632
003636
003638
003639
003640
003648
003651
003654
003655
003657
003660
003667
003669
003673
003674
003675
003684
003685
003690
003691
003696
003703
003706
003708
003709
003717
003721
003722
003727
003729
003750
003753
003754
003760
003772
003774
003780
003783
003791
003793
003796
003798
003803
003808
003809
003814
003820
003821
003826
003837
003838
003844
003845
003846
003855
003857
003863
003868
003869
003871
003877
003885
003886
003891
003895
003905
003911
003915
003918
003919
003923
003924
003926
003937
003941
003946
003947
003948
003954
003960
003963
003965
003966
003973
003979
003984
003986
003990
003992
003994
003996
004010
004011
004015
004020
004025
004031
004039
004047
004051
004057
004060
004066
004069
004073
004075
004076
004077
004082
004085
004087
004089
004102
004105
004108
004110
004113
004117
004122
004135
004141
004142
004145
004148
004150
004174
004178
004185
004186
004191
004192
004194
004195
004203
004204
004205
004212
004229
004230
004239
004246
004257
004258
004259
004264
004265
004274
004279
004284
004286
004293
004295
004298
004304
004310
004312
004321
004323
004326
004329
004331
004341
004346
004349
004351
004352
004354
004356
004364
004368
004369
004384
004390
004396
004397
004409
004411
004421
004424
004429
004430
004432
004433
004437
004438
004446
004450
004455
004457
004463
004464
004466
004474
004487
004488
004490
004493
004494
004495
004498
004499
004507
004509
004512
004518
004527
004528
004530
004532
004535
004539
004542
004552
004555
004574
004581
004585
004588
004592
004600
004601
004606
004609
004618
004626
004630
004632
004647
004652
004653
004654
004655
004660
004662
004672
004673
004674
004676
004682
004689
004692
004699
004708
004719
004727
004732
004746
004750
004761
004770
004777
004785
004786
004788
004789
004796
004805
004812
004814
004816
004818
004825
004826
004831
004834
004839
004840
004850
004852
004859
004863
004867
004868
004872
004878
004886
004890
004895
004896
004903
004912
004916
004926
004928
004931
004935
004936
004938
004939
004943
004950
004953
004954
004956
004960
004963
004967
004977
004982
004983
004985
004986
004994
004997
004999
005003
005014
005028
005036
005037
005039
005042
005054
005055
005056
005062
005063
005067
005072
005077
005079
005081
005085
005102
005104
005110
005111
005116
005128
005131
005135
005136
005145
005146
005150
005159
005160
005161
005175
005176
005179
005185
005195
005199
005209
005214
005220
005222
005224
005229
005230
005239
005242
005253
005254
005263
005267
005268
005270
005274
005278
005293
005298
005305
005306
005312
005315
005319
005320
005325
005326
005328
005340
005343
005346
005348
005349
005350
005352
005355
005365
005367
005370
005371
005378
005379
005380
005383
005384
005385
005393
005395
005397
005398
005407
005416
005418
005419
005421
005423
005429
005431
005434
005436
005438
005439
005441
005454
005461
005465
005470
005471
005475
005481
005485
005486
005497
005507
005510
005517
005518
005521
005522
005530
005531
005535
005539
005549
005550
005552
005554
005559
005573
005576
005577
005583
005584
005586
005588
005590
005593
005606
005613
005614
005615
005618
005620
005629
005640
005641
005645
005652
005653
005655
005657
005660
005662
005664
005672
005674
005676
005679
005682
005685
005687
005693
005701
005714
005716
005719
005723
005729
005732
005736
005741
005743
005747
005749
005755
005760
005761
005762
005768
005773
005779
005781
005788
005791
005794
005799
005811
005812
005815
005818
005819
005825
005829
005830
005839
005841
005852
005853
005854
005856
005863
005868
005874
005875
005877
005879
005894
005897
005906
005912
005914
005917
005919
005928
005940
005952
005954
005956
005963
005968
005970
005975
005979
005981
005985
005991
005995
005996
005998
006000
006001
006005
006012
006018
006026
006027
006029
006041
006042
006045
006055
006058
006062
006069
006071
006084
006089
006097
006098
006107
006108
006111
006120
006124
006125
006129
006133
006139
006146
006148
006150
006153
006159
006161
006163
006184
006185
006188
006190
006198
006201
006202
006203
006206
006209
006214
006215
006216
006218
006219
006220
006222
006233
006234
006235
006240
006249
006252
006258
006259
006269
006276
006282
006284
006286
006295
006296
006300
006301
006306
006309
006314
006318
006319
006321
006323
006325
006330
006335
006337
006338
006339
006346
006350
006351
006355
006357
006377
006385
006387
006391
006392
006396
006398
006404
006421
006424
006425
006428
006430
006437
006440
006443
006450
006456
006463
006465
006468
006473
006480
006484
006488
006492
006497
006507
006509
006512
006519
006520
006529
006532
006534
006538
006542
006543
006562
006565
006570
006572
006575
006576
006578
006583
006584
006587
006588
006593
006599
006603
006606
006611
006617
006618
006619
006621
006625
006628
006631
006632
006643
006645
006657
006664
006666
006667
006668
006670
006671
006677
006679
006681
006682
006687
006690
006696
006702
006709
006718
006719
006722
006725
006730
006739
006747
006751
006759
006760
006762
006765
006768
006769
006772
006783
006786
006789
006797
006799
006800
006808
006813
006814
006819
006821
006827
006828
006829
006835
006838
006842
006850
006855
006859
006860
006862
006867
006876
006878
006880
006884
006886
006892
006903
006908
006918
006922
006924
006932
006933
006934
006935
006940
006945
006949
006952
006953
006956
006962
006963
006965
006966
006972
006981
006987
006988
006989
006990
006994
006995
007004
007008
007009
007020
007022
007031
007035
007038
007042
007046
007049
007052
007054
007056
007058
007059
007065
007068
007070
007071
007074
007077
007086
007097
007100
007101
007104
007114
007117
007122
007123
007132
007139
007140
007141
007144
007146
007147
007148
007149
007153
007162
007167
007172
007174
007187
007189
007191
007200
007204
007208
007210
007212
007215
007216
007217
007224
007227
007236
007244
007245
007247
007249
007258
007259
007260
007266
007270
007274
007275
007276
007280
007283
007284
007292
007294
007296
007297
007299
007300
007302
007311
007314
007318
007329
007330
007343
007344
007346
007350
007356
007359
007363
007372
007374
007376
007383
007388
007390
007408
007416
007422
007424
007427
007433
007435
007436
007438
007439
007443
007445
007448
007449
007451
007457
007460
007461
007465
007475
007482
007484
007486
007489
007506
007511
007517
007525
007527
007528
007533
007537
007543
007546
007547
007551
007555
007559
007563
007568
007571
007576
007579
007592
007603
007605
007612
007614
007615
007618
007622
007626
007639
007640
007642
007647
007650
007656
007657
007662
007664
007666
007668
007670
007671
007672
007673
007675
007677
007678
007679
007680
007682
007687
007691
007694
007702
007705
007709
007712
007715
007720
007723
007724
007727
007732
007742
007743
007745
007746
007754
007758
007760
007763
007765
007768
007776
007779
007786
007793
007798
007799
007812
007813
007824
007826
007833
007834
007841
007843
007845
007855
007856
007857
007865
007868
007869
007873
007886
007889
007897
007899
007909
007916
007919
007920
007921
007924
007928
007931
007933
007935
007943
007946
007950
007954
007956
007958
007970
007971
007979
007984
007987
007997
007998
007999
008002
008009
008023
008024
008029
008031
008032
008033
008036
008048
008057
008060
008061
008068
008069
008086
008087
008091
008100
008101
008103
008105
008107
008112
008115
008122
008125
008132
008138
008141
008144
008151
008159
008160
008168
008171
008173
008175
008177
008180
008189
008190
008191
008200
008208
008209
008220
008224
008225
008229
008236
008241
008244
008251
008258
008268
008275
008279
008281
008284
008285
008292
008293
008294
008295
008297
008299
008300
008306
008318
008319
008320
008323
008326
008327
008329
008335
008345
008349
008355
008359
008364
008365
008368
008370
008376
008386
008387
008390
008410
008413
008416
008423
008424
008429
008433
008434
008438
008444
008450
008454
008461
008472
008484
008485
008492
008494
008498
008499
008502
008503
008509
008512
008513
008514
008518
008519
008521
008522
008524
008534
008535
008541
008542
008553
008556
008557
008562
008564
008572
008573
008576
008582
008584
008586
008592
008601
008604
008606
008607
008608
008612
008620
008621
008624
008635
008636
008638
008639
008644
008647
008653
008654
008667
008680
008683
008687
008692
008695
008698
008701
008709
008713
008716
008717
008718
008728
008730
008733
008739
008742
008749
008752
008753
008759
008766
008769
008772
008773
008775
008793
008796
008799
008805
008810
008817
008822
008823
008826
008831
008833
008835
008836
008837
008843
008848
008849
008854
008858
008859
008867
008871
008873
008874
008876
008880
008884
008888
008890
008892
008911
008913
008914
008917
008919
008921
008931
008940
008942
008943
008951
008953
008955
008965
008976
008982
008983
008997
009002
009006
009007
009019
009022
009024
009034
009035
009037
009039
009048
009051
009053
009060
009064
009072
009079
009085
009087
009089
009091
009094
009105
009112
009113
009116
009126
009128
009129
009131
009133
009138
009141
009147
009150
009151
009155
009157
009159
009162
009163
009168
009174
009177
009178
009179
009180
009186
009187
009189
009192
009193
009194
009195
009202
009212
009213
009224
009236
009239
009244
009246
009247
009249
009250
009254
009268
009273
009278
009279
009281
009282
009286
009291
009303
009309
009312
009315
009326
009330
009334
009337
009347
009349
009350
009351
009354
009368
009371
009373
009374
009375
009378
009382
009401
009405
009408
009412
009414
009433
009437
009438
009439
009440
009443
009445
009448
009454
009455
009456
009457
009459
009461
009468
009470
009472
009477
009479
009480
009481
009484
009494
009500
009502
009507
009517
009519
009531
009532
009540
009543
009546
009558
009560
009565
009567
009568
009571
009586
009588
009591
009598
009603
009611
009617
009619
009620
009627
009636
009641
009647
009658
009667
009670
009676
009678
009681
009685
009686
009692
009695
009698
009699
009700
009710
009711
009712
009719
009726
009732
009737
009738
009743
009745
009746
009747
009748
009754
009758
009761
009767
009772
009773
009778
009780
009781
009785
009796
009801
009809
009816
009819
009822
009823
009831
009833
009836
009858
009862
009863
009865
009870
009880
009881
009886
009894
009898
009900
009902
009905
009908
009913
009917
009932
009935
009939
009946
009954
009955
009958