000032
000033
000042
000061
000129
000187
000250
000256
000528
000549
000559
000648
000733
000768
000793
000804
000822
000830
000904
000999
001073
001239
001299
001408
001420
001457
001526
001586
001594
001630
001717
001733
001761
001825
001834
001960
002055
002120
002132
002212
002234
002260
002284
002293
002368
002403
002445
002539
002545
002611
002648
002669
002845
002914
002953
003011
003051
003088
003106
003110
003134
003169
003188
003205
003330
003349
003367
003373
003499
003506
003525
003529
003565
003604
003621
003714
003786
003788
003861
003889
003991
004009
004033
004052
004121
004189
004190
004241
004281
004291
004392
004481
004500
004510
004537
004627
004644
004705
004830
004841
004902
004951
005058
005086
005107
005114
005124
005130
005173
005262
005273
005304
005358
005360
005368
005509
005547
005600
005705
005803
005813
005859
005911
005951
006004
006066
006134
006171
006400
006483
006549
006560
006605
006660
006698
006704
006864
006866
006899
006900
007003
007007
007130
007154
007168
007250
007398
007417
007477
007481
007493
007524
007530
007621
007748
007795
007810
007836
007878
007908
007996
008043
008051
008072
008084
008106
008142
008203
008204
008218
008260
008374
008403
008468
008596
008645
008670
008764
008815
008932
008944
008948
008973
008980
009068
009209
009245
009251
009252
009295
009327
009392
009413
009419
009422
009446
009458
009562
009605
009618
009654
009684
009691
009709
009756
009807
009832
009911
009938
009755
004247
001590
008116
001688
006011
006689
004651
002323
008049
008008
006694
003866
001903
003790
000307
005901
007718
004220
004742
007655
006474
001904
001119
006009
002969
000685
008920
004067
001304
003998
001529
009644
005388
007570
006697
009185
005599
009394
004237
009813
000349
005078
009718
000552
003337
007803
008741
004034
008757
002519
004046
003233
004517
001650
009238
002483
004579
005257
005231
007234
003413
007365
009621
002730
000035
003379
007859
009358
003441
006180
007926
003074
002855
005487
009386
005515
003450
009872
007611
005648
009508
006524
007847
006753
000159
006448
006564
005654
008655
003183
002858
001332
003066
007080
002765
007133
000987
009851
002061
006731
006735
000463
003395
009845
000089
009609
008388
004221
002791
002783
006824
005601
005202
005156
005068
000900
007814
009218
004325
009175
007925
001999
003969
002664
001780
000516
007396
001861
004907
003887
006179
009161
003824
005983
005236
002384
007633
005658
004280
003627
002321
004391
008909
000394
007205
007182
004242
009877
007219
001576
005084
004514
004292
006225
004270
002594
009407
003807
004315
001171
000635
006810
006515
008550
009959
006362
005885
001952
007458
005905
006210
002995
001174
000296
003890
000919
001348
008962
001287
001486
001436
000898
002096
001941
001894
005029
009828
007777
004140
005027
006847
009713
002502
007991
000541
007166
005450
008559
006304
003229
000892
001928
007885
005605
007736
000524
001269
003380
008137
005020
005090
004576
001721
008083
000612
006833
008760
004612
004691
002988
004974
002241
003063
002801
003159
003108
003698
002795
000849
001078
005244
005478
000141
006043
001985
001234
004283
009671
009762
004966
008936
005259
002496
009166
003146
007791
001963
004553
009638
003320
008732
001766
001539
002215
001127
005338
005881
008465
006983
000164
004671
002004
002020
007974
005864
006250
009042
006170
009197
008549
001607
002280
002713
000754
004643
003350
001954
005369
001676
006065
007466
008985
002350
004634
002237
007735
009144
007519
008445
001651
007821
005258
001528
005860
004992
005824
009542
001057
006187
003993
003759
004984
001453
006375
000731
005542
006887
007696
000073
007884
005457
007911
009587
002069
002826
005764
004012
006100
002569
008610
001230
004584
009045
009551
006243
004648
003688
003713
003811
008381
003740
004092
003024
008253
009418
006096
002478
003835
008453
007767
008186
001390
006417
005669
004253
008044
004168
002334
009629
006466
003100
005318
000597
000887
003743
001050
000242
007073
003921
008960
009342
006893
001841
005417
008213
004905
005499
000726
008961
008883
004372
001643
009717
000153
008001
000431
005004
001915
005203
008477
001930
009059
002848
006869
004300
009491
001060
003767
006135
002373
007385
008568
006794
001378
005033
007883
009191
000810
009541
000622
003034
005071
004846
003694
003899
002749
005838
004693
005765
008628
001404
002208
002745
003027
003253