000793
005114
002539
003349
005086
006704
003188
006004
007481
001733
001761
008468
002445
005107
005130
008043
004951
000256
009807
001594
000129
004033
009251
003330
005813
001630
009446
009832
007810
005273
009605
002293
002953
008764
002669
008204
008072
000804
005360
009654
009618
004481
004510
005058
007621
003714
000830
009209
008973
000250
003861
002845
003499
004190
006400
006483
007878
001825
007007
009392
003788
008403
006560
008203
004830
002212
000768
008142
007996
004392
005173
009458
000187
002545
003051
008084
004627
003604
003786
000822
005368
008645
008106
000032
003106
005304
000033
006134
001239
007154
004009
003525
008670
000999
005951
001073
007530
009911
003367
000904
002611
005509
007477
005705